
FOR X1
TT: 
0110011010011011011010010011010000011111100001101110001101001001
SEQUENCE:
 1 -1 -1 1 1 -1 -1 1 -1 1 1 -1 -1 1 -1 -1 1 -1 -1 1 -1 1 1 -1 1 1 -1 -1 1 -1 1 1 1 1 1 -1 -1 -1 -1 -1 -1 1 1 1 1 -1 -1 1 -1 -1 -1 1 1 1 -1 -1 1 -1 1 1 -1 1 1 -1
ANF: 
0110000010000011000010001100110001111001011000111000101011101100
WHT: 
0, 0, 4, 4, 8, 0, -4, 4, -8, 0, 4, 12, 0, 0, -4, 12, -4, -4, 0, 0, 12, 4, 0, -24, 4, 12, 0, 8, 4, 4, 16, 0, 0, 0, 4, 4, -8, 0, 12, 4, 8, 0, -12, 12, 0, 0, -4, 12, -4, -4, 0, 0, -4, 4, -16, 8, 4, -4, 0, 24, -12, -12, 0, -16
NL: 20
WEIGHT: 32
DEGREE: 5
TERMS: 27
BALANCE: True
1 2 4 16 26 35 36 45 56 126 145 146 234 246 345 356 456 1234 1236 1345 1456 2346 2356 2456 3456 12346 13456 

FOR X2
TT: 
1100001111000010011001111001100101100110100110110011100101100001
SEQUENCE:
 -1 -1 1 1 1 1 -1 -1 -1 -1 1 1 1 1 -1 1 1 -1 -1 1 1 -1 -1 -1 -1 1 1 -1 -1 1 1 -1 1 -1 -1 1 1 -1 -1 1 -1 1 1 -1 -1 1 -1 -1 1 1 -1 -1 -1 1 1 -1 1 -1 -1 1 1 1 1 -1
ANF: 
1010100000000001110010011000000011001000100000101000010101001000
WHT: 
0, 0, 8, 0, 0, 0, -16, 8, -4, 4, 4, 20, 4, -4, 4, 4, 0, -8, -8, 8, 0, 8, -16, -16, 4, 4, -4, 4, -4, -4, -4, 4, 0, 0, -8, 0, 0, 0, -16, -8, -4, 4, 4, 4, 4, -4, -12, 4, 8, 0, 0, 0, -8, 0, -8, 8, -4, -4, 4, -36, 4, 4, 4, -4
NL: 14
WEIGHT: 32
DEGREE: 5
TERMS: 19
BALANCE: True
0 2 3 5 6 15 16 35 36 45 46 56 1234 1235 1356 1456 2346 3456 12356 

FOR X3
TT: 
0010111110000001110100100111100101011000001011111010100101010110
SEQUENCE:
 1 1 -1 1 -1 -1 -1 -1 -1 1 1 1 1 1 1 -1 -1 -1 1 -1 1 1 -1 1 1 -1 -1 -1 -1 1 1 -1 1 -1 1 -1 -1 1 1 1 1 1 -1 1 -1 -1 -1 -1 -1 1 -1 1 -1 1 1 -1 1 -1 1 -1 1 -1 -1 1
ANF: 
0011101111000101100000110000010001110000101101010000101011110100
WHT: 
0, 0, 4, -4, 4, 4, 0, 8, 0, -8, -4, -4, -4, 4, 0, 0, 4, -4, 0, 0, 16, -8, 4, 4, -4, 12, 0, 8, 0, 16, 12, 4, 0, 0, 4, -4, -4, -4, -8, 0, -8, 0, 4, 20, 12, 4, 0, -16, 4, -4, 0, 0, 8, -16, -4, -4, -12, -12, 8, 0, 16, -16, 12, 20
NL: 22
WEIGHT: 32
DEGREE: 5
TERMS: 28
BALANCE: True
2 3 4 5 12 14 16 23 26 46 123 126 134 235 246 356 456 1234 1235 1246 1345 1346 1456 2356 2456 12346 12456 13456 

FOR X4
TT: 
0110010110010110100111101001001010011110011010010111000100101100
SEQUENCE:
 1 -1 -1 1 1 -1 1 -1 -1 1 1 -1 1 -1 -1 1 -1 1 1 -1 -1 -1 -1 1 -1 1 1 -1 1 1 -1 1 -1 1 1 -1 -1 -1 -1 1 1 -1 -1 1 -1 1 1 -1 1 -1 -1 -1 1 1 1 -1 1 1 -1 1 -1 -1 1 1
ANF: 
0110001010001010100001011000000010000101000001010001010001000000
WHT: 
0, 0, 0, 0, 0, 0, 8, -8, -8, 8, 0, 0, 0, 0, 0, 0, -4, 4, -4, 4, 4, -4, -4, 4, 4, -4, -4, 4, 4, -4, 4, -4, 0, 0, 0, 0, 0, 0, -8, -24, 0, 0, -8, 8, 8, -8, 8, 24, 4, 12, 4, 12, -4, -12, 4, 12, 4, 12, 12, 4, -12, -4, -12, 28
NL: 18
WEIGHT: 32
DEGREE: 5
TERMS: 18
BALANCE: True
1 2 4 5 6 23 34 45 135 136 234 1235 1236 1256 1346 1356 1456 12346 
