
FOR X1
TT: 
0111000100101100100001111001111001010110101100111011100101000010
SEQUENCE:
 1 -1 -1 -1 1 1 1 -1 1 1 -1 1 -1 -1 1 1 -1 1 1 1 1 -1 -1 -1 -1 1 1 -1 -1 -1 -1 1 1 -1 1 -1 1 -1 -1 1 -1 1 -1 -1 1 1 -1 -1 -1 1 -1 -1 -1 1 1 -1 1 -1 1 1 1 1 -1 1
ANF: 
0111011001001111100011100101000000110100110100100001111101001000
WHT: 
0, 0, 8, 0, 0, 0, 0, -8, -4, 12, 4, -4, -4, -4, -4, 4, 0, 8, 8, 8, -8, 0, 8, 8, 4, 12, -4, 12, -4, 20, -4, -4, 0, 0, -8, 0, 8, -8, 8, 0, 4, 4, 12, 4, -4, -4, -20, 4, 8, 0, 0, 0, -8, 0, 8, 24, -12, -4, 12, -20, -12, -4, 4, 4
NL: 20
WEIGHT: 32
DEGREE: 5
TERMS: 30
BALANCE: True
1 2 5 12 13 14 23 26 34 35 46 126 134 135 136 145 146 234 235 356 1234 1245 1246 1256 1356 1456 2346 2356 3456 12356 

FOR X2
TT: 
0110100111010110011001101000100110000101001110011101101010010110
SEQUENCE:
 1 -1 -1 1 -1 1 1 -1 -1 -1 1 -1 1 -1 -1 1 1 -1 -1 1 1 -1 -1 1 -1 1 1 1 -1 1 1 -1 -1 1 1 1 1 -1 1 -1 1 1 -1 -1 -1 1 1 -1 -1 -1 1 -1 -1 1 -1 1 -1 1 1 -1 1 -1 -1 1
ANF: 
0110100011010101000010000100010010010011000000100100010011001100
WHT: 
0, 0, -4, -4, 0, 0, -4, -4, 0, 0, -4, 12, 0, 0, -4, 12, 0, 8, 4, -4, 0, -8, 4, 12, 8, 0, -4, -12, 8, -16, -4, 4, 0, 0, -4, 12, 0, 0, -4, 12, 0, 0, 12, 12, 0, 0, 12, 12, -8, 0, -4, 4, -8, 16, -4, -12, 0, -8, 4, -20, 0, 8, 4, 28
NL: 18
WEIGHT: 32
DEGREE: 5
TERMS: 22
BALANCE: True
1 2 3 4 6 14 35 124 126 134 145 156 236 456 1234 1236 1345 1356 1456 2346 3456 13456 

FOR X3
TT: 
1101010010111010000011110100100101100011100111001101000011100011
SEQUENCE:
 -1 -1 1 -1 1 -1 1 1 -1 1 -1 -1 -1 1 -1 1 1 1 1 1 -1 -1 -1 -1 1 -1 1 1 -1 1 1 -1 1 -1 -1 1 1 1 -1 -1 -1 1 1 -1 -1 -1 1 1 -1 -1 1 -1 1 1 1 1 -1 -1 -1 1 1 1 -1 -1
ANF: 
1011111001101111101101100011110011011010111011110110100110011100
WHT: 
0, 0, -4, -4, -4, 4, -8, 0, 4, 12, 0, 8, 0, 0, -4, -4, -4, -4, 0, 0, -8, 0, 12, -12, 0, 8, 4, 12, -4, -4, -16, 16, 0, 0, -4, -4, 12, 4, 8, 0, -4, 4, -8, 0, 8, -8, 4, -12, -4, -4, 0, 0, -24, 0, -4, -12, 8, 16, -20, -12, -12, 4, 8, -8
NL: 20
WEIGHT: 32
DEGREE: 5
TERMS: 41
BALANCE: True
0 2 3 5 6 12 13 14 16 23 24 25 34 36 46 125 126 134 135 146 156 234 235 236 245 246 256 345 346 356 456 1234 1245 1345 1346 2346 3456 12346 12356 12456 13456 

FOR X4
TT: 
0001001010011101011011101101001001001011011010011011001100100101
SEQUENCE:
 1 1 1 -1 1 1 -1 1 -1 1 1 -1 -1 -1 1 -1 1 -1 -1 1 -1 -1 -1 1 -1 -1 1 -1 1 1 -1 1 1 -1 1 1 -1 1 -1 -1 1 -1 -1 1 -1 1 1 -1 -1 1 -1 -1 1 1 -1 -1 1 1 -1 1 1 -1 1 -1
ANF: 
0001001011110111011111010010000001001010110001111111101011111000
WHT: 
0, 0, 8, 0, 4, 4, -4, 4, 0, -8, 8, 8, 4, 12, -4, -4, 4, 4, -4, -12, 8, 8, 0, 8, 12, 4, 4, 4, 0, 8, -8, -8, 0, 0, -8, 0, -4, 12, 4, -20, 8, 0, 0, 16, 4, -4, 12, 12, 4, 4, 12, -12, 0, -16, 8, -16, 4, -4, 12, -4, -16, 8, -8, -8
NL: 22
WEIGHT: 32
DEGREE: 5
TERMS: 35
BALANCE: True
4 12 14 15 16 23 24 25 35 36 46 56 124 125 134 135 146 156 234 236 245 256 356 456 1234 1235 1256 1346 1456 2346 2356 2456 3456 12346 12456 
