
FOR X1
TT: 
1101101010010110001001011001001110101001011011010101001000101101
SEQUENCE:
 -1 -1 1 -1 -1 1 -1 1 -1 1 1 -1 1 -1 -1 1 1 1 -1 1 1 -1 1 -1 -1 1 1 -1 1 1 -1 -1 -1 1 -1 1 -1 1 1 -1 1 -1 -1 1 -1 -1 1 -1 1 -1 1 -1 1 1 -1 1 1 1 -1 1 -1 -1 1 -1
ANF: 
1011011101011111100000001000010001110101111100000000010101010100
WHT: 
0, 0, 4, -4, 4, -4, 0, 0, 4, -4, 0, 0, -8, 8, -4, 4, -8, -8, -12, -4, -4, 4, 0, 0, -4, -12, 0, -16, 0, 0, -4, 4, 0, 0, 4, -4, -4, 4, -8, -24, -4, 4, -8, 8, 8, -8, 12, 20, 0, 0, -4, 4, -4, 20, 0, -16, -4, 4, 0, 0, -8, 24, -12, -4
NL: 20
WEIGHT: 32
DEGREE: 5
TERMS: 29
BALANCE: True
0 2 5 12 13 14 16 23 26 34 45 46 123 124 126 134 136 146 234 246 1234 1236 1246 1345 1356 1456 12356 12456 13456 

FOR X2
TT: 
1001011001011001011001111010100001101011000111001001100101100011
SEQUENCE:
 -1 1 1 -1 1 -1 -1 1 1 -1 1 -1 -1 1 1 -1 1 -1 -1 1 1 -1 -1 -1 -1 1 -1 1 -1 1 1 1 1 -1 -1 1 -1 1 -1 -1 1 1 1 -1 -1 -1 1 1 -1 1 1 -1 -1 1 1 -1 1 -1 -1 1 1 1 -1 -1
ANF: 
1110100010100010100010010000000010000011110100100000001011110100
WHT: 
0, 0, 4, -4, 4, 4, 0, 8, -8, 0, 4, 4, 4, -4, -8, -8, 0, 8, -4, -4, 4, 12, 8, -8, 0, -16, 4, 12, -4, -4, -8, 0, 0, 0, -4, 4, -4, -4, 0, -8, 0, 8, 4, 20, 4, -4, 0, -16, 0, 8, 4, -12, -4, 4, -8, -8, 8, -8, -12, -20, -4, -4, 16, -24
NL: 20
WEIGHT: 32
DEGREE: 5
TERMS: 23
BALANCE: True
0 1 2 3 4 5 6 24 35 46 146 234 236 456 1235 1236 1246 1456 2346 2356 2456 12456 13456 

FOR X3
TT: 
0101101101101000010010011011011000111100100001111101001101001010
SEQUENCE:
 1 -1 1 -1 -1 1 -1 -1 1 -1 -1 1 -1 1 1 1 1 -1 1 1 -1 1 1 -1 -1 1 -1 -1 1 -1 -1 1 1 1 -1 -1 -1 -1 1 1 -1 1 1 1 1 -1 -1 -1 -1 -1 1 -1 1 1 -1 -1 1 -1 1 1 -1 1 -1 1
ANF: 
0100100100100000000100101010000001100001111100001000001110010000
WHT: 
0, 0, 0, 0, 4, 12, -4, 4, -4, 12, 4, -12, 0, 8, 0, 8, 0, 0, 0, 0, 4, -4, 12, 4, -4, -4, 4, 4, 0, 8, 16, -8, 0, 0, 0, 0, -4, 4, 4, 12, 4, 4, -4, -4, 16, 8, -16, 8, 0, 0, 0, 0, -4, 20, -12, 12, -12, 4, 12, -4, 0, -8, -16, -24
NL: 20
WEIGHT: 32
DEGREE: 5
TERMS: 20
BALANCE: True
1 3 16 24 26 45 46 56 123 125 146 235 245 246 456 1236 1246 2356 12356 12456 

FOR X4
TT: 
0011001011000101001111000011111010011010010101101100010110101001
SEQUENCE:
 1 1 -1 -1 1 1 -1 1 -1 -1 1 1 1 -1 1 -1 1 1 -1 -1 -1 -1 1 1 1 1 -1 -1 -1 -1 -1 1 -1 1 1 -1 -1 1 -1 1 1 -1 1 -1 1 -1 -1 1 -1 -1 1 1 1 -1 1 -1 -1 1 -1 1 -1 1 1 -1
ANF: 
0010000110001111000010011000110011000011001011110100010101000000
WHT: 
0, 0, 0, 0, 0, 0, 8, -8, 4, -4, 4, -4, -4, 4, 4, -4, 4, 4, 4, 4, -4, 12, -12, -12, 0, -24, 16, -8, 0, 8, 8, 0, 0, 0, 8, 8, 0, 0, 16, 0, 4, -4, 12, 4, -4, 4, 12, 4, 4, 4, -4, -4, -4, -20, -20, 12, 0, 8, 8, 16, 0, 8, 0, -8
NL: 20
WEIGHT: 32
DEGREE: 5
TERMS: 25
BALANCE: True
2 4 6 16 34 35 45 123 134 156 234 236 246 345 346 1234 1235 1236 1345 1346 1356 1456 2346 12346 12356 
