
FOR X1
TT: 
1001101001100101110000111001011001110110100110000110100110000111
SEQUENCE:
 -1 1 1 -1 -1 1 -1 1 1 -1 -1 1 1 -1 1 -1 -1 -1 1 1 1 1 -1 -1 -1 1 1 -1 1 -1 -1 1 1 -1 -1 -1 1 -1 -1 1 -1 1 1 -1 -1 1 1 1 1 -1 -1 1 -1 1 1 -1 -1 1 1 1 1 -1 -1 -1
ANF: 
1110001010000000010010101100000010010011000100000101001111000000
WHT: 
0, 0, 0, 0, 0, 0, -8, -8, -4, -4, 4, 4, -4, 12, -4, 12, 0, 0, 0, 0, -8, 8, 16, 0, -4, -4, 4, 4, 4, 4, 4, -28, 0, 0, 0, 0, 0, 0, -8, -8, 4, -12, -4, -20, 4, 4, -12, -12, 0, 0, 0, 0, 8, -8, 0, 16, 4, -12, -4, -20, -4, 12, 12, -4
NL: 18
WEIGHT: 32
DEGREE: 5
TERMS: 21
BALANCE: True
0 1 2 4 6 15 23 35 45 126 145 156 235 236 456 1236 1246 1256 1456 2356 12356 

FOR X2
TT: 
1001011111000011011000101100100101101000001111001001111100010110
SEQUENCE:
 -1 1 1 -1 1 -1 -1 -1 -1 -1 1 1 1 1 -1 -1 1 -1 -1 1 1 1 -1 1 -1 -1 1 1 -1 1 1 -1 1 -1 -1 1 -1 1 1 1 1 1 -1 -1 -1 -1 1 1 -1 1 1 -1 -1 -1 -1 -1 1 1 1 -1 1 -1 -1 1
ANF: 
1110100101000001100011001000000010000000000000000000001100110000
WHT: 
0, 0, 0, 0, 4, 4, -4, -4, -4, -4, 4, 4, 0, 0, 0, 0, 0, 0, 0, 0, -4, -4, 4, 4, 4, 4, -4, -4, 0, 0, 0, 0, 0, 0, 0, 0, -4, -4, -28, 4, 4, 4, 12, 12, 0, 0, 16, -16, -8, 8, 8, -8, 12, -4, -12, -28, -12, 4, -4, -20, 8, -8, 8, -8
NL: 18
WEIGHT: 32
DEGREE: 5
TERMS: 16
BALANCE: True
0 1 2 3 5 6 14 35 45 123 135 1234 2356 2456 12356 12456 

FOR X3
TT: 
1100001111111001001010010100011000101110110100010101011000101110
SEQUENCE:
 -1 -1 1 1 1 1 -1 -1 -1 -1 -1 -1 -1 1 1 -1 1 1 -1 1 -1 1 1 -1 1 -1 1 1 1 -1 -1 1 1 1 -1 1 -1 -1 -1 1 -1 -1 1 -1 1 1 1 -1 1 -1 1 -1 1 -1 -1 1 1 1 -1 1 -1 -1 -1 1
ANF: 
1010100000101110100101010100000010010010101011101110110110111000
WHT: 
0, 0, 0, 8, 4, 4, -4, 4, 4, -4, 4, 4, 8, 0, 0, 0, -8, 0, 0, -16, -12, -4, -12, 4, 4, -12, -4, 20, 16, 0, 0, -8, 0, 0, 0, -8, -4, -4, -12, 12, 4, -4, 4, -12, 0, -8, -8, 8, -8, 0, 0, 0, -4, 4, -4, -4, 4, 20, -4, 4, -8, 8, -24, -16
NL: 20
WEIGHT: 32
DEGREE: 5
TERMS: 30
BALANCE: True
0 2 3 5 6 24 34 46 56 125 126 134 135 145 156 234 236 246 256 346 356 456 1235 1346 1356 2346 2456 3456 12356 12456 

FOR X4
TT: 
1111000101101000101001100001110101001011010110101100010010110011
SEQUENCE:
 -1 -1 -1 -1 1 1 1 -1 1 -1 -1 1 -1 1 1 1 -1 1 -1 1 1 -1 -1 1 1 1 1 -1 -1 -1 1 -1 1 -1 1 1 -1 1 -1 -1 1 -1 1 -1 -1 1 -1 1 -1 -1 1 1 1 -1 1 1 -1 1 -1 -1 1 1 -1 -1
ANF: 
1000100111100000010000110011000011010001111100001011010001010000
WHT: 
0, 0, 0, 0, -4, 4, -4, 4, 0, 0, -8, 8, -4, -12, -12, -4, 0, 0, 0, 0, -4, 20, -4, 20, -8, 8, 16, -16, 4, -4, -4, 4, 0, 0, 0, 0, -4, -12, 12, 4, -8, -8, 16, 0, -12, -4, -4, -12, 0, 0, 0, 0, -20, -12, -4, 4, 0, 16, -8, -8, -4, 4, 4, -4
NL: 22
WEIGHT: 32
DEGREE: 5
TERMS: 25
BALANCE: True
0 3 4 6 14 15 16 24 46 56 123 126 146 235 245 246 256 1235 1236 1245 1246 1256 1356 1456 12456 
