
FOR X1
TT: 
0111110000011010000010011011011110011000111001111100001101001001
SEQUENCE:
 1 -1 -1 -1 -1 -1 1 1 1 1 1 -1 -1 1 -1 1 1 1 1 1 -1 1 1 -1 -1 1 -1 -1 1 -1 -1 -1 -1 1 1 -1 -1 1 1 1 -1 -1 -1 1 1 -1 -1 -1 -1 -1 1 1 1 1 -1 -1 1 -1 1 1 -1 1 1 -1
ANF: 
0111110101100000011100111011010010011100000111110011101000111000
WHT: 
0, 0, 0, -8, 4, 4, -4, 4, 8, 0, -8, -8, -4, 4, 4, 4, -4, -4, -4, 4, -8, 8, 16, -8, -4, 4, -4, -4, -8, 0, 16, 0, 0, 0, 8, 0, 4, 4, 20, -4, 0, 8, -8, 8, 4, -4, 4, 20, 4, 4, -4, 4, 0, 16, 0, 8, -20, 4, 4, 20, -8, -16, -8, -8
NL: 22
WEIGHT: 32
DEGREE: 5
TERMS: 33
BALANCE: True
1 2 3 6 12 13 14 15 24 25 36 45 123 125 126 136 235 245 256 346 356 1235 1245 1246 1256 1345 1346 2346 2356 2456 3456 12346 12456 

FOR X2
TT: 
1110100101110000010100110010111000110001100011101001011011010011
SEQUENCE:
 -1 -1 -1 1 -1 1 1 -1 1 -1 -1 -1 1 1 1 1 1 -1 1 -1 1 1 -1 -1 1 1 -1 1 -1 -1 -1 1 1 1 -1 -1 1 1 1 -1 -1 1 1 1 -1 -1 -1 1 -1 1 1 -1 1 -1 -1 1 -1 -1 1 -1 1 1 -1 -1
ANF: 
1001011111100000110100011001110010110100001101010001101000011000
WHT: 
0, 0, 8, 0, -4, 4, -4, -4, 0, 8, 8, -8, -4, -4, -4, 4, 4, -4, -4, -4, -8, -8, 8, 16, -4, -4, 4, -4, 0, -8, 0, 16, 0, 0, 0, 8, -4, 4, 4, 20, -8, 0, -8, -8, 4, 4, -20, 4, -4, 4, -4, -4, -16, 0, -8, 0, -4, -20, -20, 4, 16, -8, 8, -8
NL: 22
WEIGHT: 32
DEGREE: 5
TERMS: 29
BALANCE: True
0 4 5 6 12 13 14 15 23 24 26 45 123 125 126 136 246 345 356 1235 1245 1246 1256 1345 1346 2356 3456 12346 12456 

FOR X3
TT: 
1000111001110011001101001001011011110001011010001000101100110101
SEQUENCE:
 -1 1 1 1 -1 -1 -1 1 1 -1 -1 -1 1 1 -1 -1 1 1 -1 -1 1 -1 1 1 -1 1 1 -1 1 -1 -1 1 -1 -1 -1 -1 1 1 1 -1 1 -1 -1 1 -1 1 1 1 -1 1 1 1 -1 1 -1 -1 1 1 -1 -1 1 -1 1 -1
ANF: 
1111011010000011110100010100110001111111011000111010101001111000
WHT: 
0, 0, 8, 0, -4, -4, 4, -4, 0, -8, -8, -8, 4, -4, -4, -4, -4, -4, -4, 4, -8, 8, -8, 16, -4, 4, -4, -4, 0, -8, 0, -16, 0, 0, 0, 8, 4, 4, 4, -20, 8, 0, -8, 8, 4, -4, 20, 4, -4, -4, 4, -4, 16, 0, -8, 0, 4, -20, -20, -4, 16, 8, -8, -8
NL: 22
WEIGHT: 32
DEGREE: 5
TERMS: 35
BALANCE: True
0 1 2 4 5 12 13 15 16 23 26 36 56 125 126 136 145 146 234 236 246 256 345 356 1234 1235 1236 1345 1456 2346 2356 2456 3456 12346 12456 

FOR X4
TT: 
1110011100011001100100101100001101011000001111101110110110010000
SEQUENCE:
 -1 -1 -1 1 1 -1 -1 -1 1 1 1 -1 -1 1 1 -1 -1 1 1 -1 1 1 -1 1 -1 -1 1 1 1 1 -1 -1 1 -1 1 -1 -1 1 1 1 1 1 -1 -1 -1 -1 -1 1 -1 -1 -1 1 -1 -1 1 -1 -1 1 1 -1 1 1 1 1
ANF: 
1001111010000001011100111100010011010101111000011010101011011000
WHT: 
0, 0, 0, -8, -4, 4, -4, -4, -8, 0, -8, 8, -4, -4, -4, 4, -4, 4, 4, 4, 8, 8, 16, 8, 4, 4, -4, 4, -8, 0, -16, 0, 0, 0, 8, 0, 4, -4, -20, -4, 0, -8, 8, 8, -4, -4, 4, -20, -4, 4, -4, -4, 0, -16, 0, 8, -20, -4, -4, 20, 8, -16, -8, 8
NL: 22
WEIGHT: 32
DEGREE: 5
TERMS: 32
BALANCE: True
0 3 4 6 12 13 15 16 23 25 45 46 56 125 126 136 145 146 235 246 256 356 456 1234 1235 1236 1345 1456 2356 3456 12346 12456 
