
FOR X1
TT: 
1100101100001001001110011101011010010110101101001001011001101001
SEQUENCE:
 -1 -1 1 1 -1 1 -1 -1 1 1 1 1 -1 1 1 -1 1 1 -1 -1 -1 1 1 -1 -1 -1 1 -1 1 -1 -1 1 -1 1 1 -1 1 -1 -1 1 -1 1 -1 -1 1 -1 1 1 -1 1 1 -1 1 -1 -1 1 1 -1 -1 1 -1 1 1 -1
ANF: 
1010011110101001100010110011100001001111100110011000101110001000
WHT: 
0, 0, 0, -8, 0, 0, 0, -8, -4, -4, 4, -4, 4, 4, -4, -12, 4, -4, -4, -4, 4, -4, -4, -4, -8, 0, -8, 8, 0, 8, -16, 0, 0, 0, 0, -8, 8, 8, -8, 16, -4, -4, 4, -4, -4, -4, 4, 28, 4, -4, -4, -4, 12, 4, -12, 20, -8, 0, -8, 8, -8, 0, -8, -24
NL: 18
WEIGHT: 32
DEGREE: 5
TERMS: 31
BALANCE: True
0 2 4 5 13 16 23 24 34 35 36 46 56 123 136 235 236 245 345 346 356 456 1234 1235 1236 1245 1246 2356 3456 12346 12356 

FOR X2
TT: 
0101001010011110001011110110010010101100011000010101011010011011
SEQUENCE:
 1 -1 1 -1 1 1 -1 1 -1 1 1 -1 -1 -1 -1 1 1 1 -1 1 -1 -1 -1 -1 1 -1 -1 1 1 -1 1 1 -1 1 -1 1 -1 -1 1 1 1 -1 -1 1 1 1 1 -1 1 -1 1 -1 1 -1 -1 1 -1 1 1 -1 -1 1 -1 -1
ANF: 
0100011110100000011111001111100010000001000000011111100011111000
WHT: 
0, 0, 0, 8, 4, 4, 4, -4, 0, 0, 0, 8, 4, 4, 4, -4, 4, -4, -4, -4, -8, 0, 0, 0, 4, -4, -4, -4, -8, 0, 0, 0, 0, 0, 0, 8, 4, 4, 4, -4, 0, 0, 16, -8, 4, 4, -12, 12, -4, 4, 4, -12, 0, 24, -8, -24, 12, 20, 4, 20, -16, 8, -8, 8
NL: 20
WEIGHT: 32
DEGREE: 5
TERMS: 29
BALANCE: True
1 4 6 13 15 23 24 25 35 45 56 123 125 135 145 156 245 256 345 356 456 1236 1245 1256 1456 2456 3456 12346 12456 

FOR X3
TT: 
1001001011101101010000111001110000110000011010011001110101101110
SEQUENCE:
 -1 1 1 -1 1 1 -1 1 -1 -1 -1 1 -1 -1 1 -1 1 -1 1 1 1 1 -1 -1 -1 1 1 -1 -1 -1 1 1 1 1 -1 -1 1 1 1 1 1 -1 -1 1 -1 1 1 -1 -1 1 1 -1 -1 -1 1 -1 1 -1 -1 1 -1 -1 -1 1
ANF: 
1110110101111111101110101100110011001111001101010111110100001100
WHT: 
0, 0, -4, -4, 0, 0, 4, 4, 12, 4, 16, -8, -4, 4, -8, -16, 4, -4, 8, 0, -12, -4, 0, 8, 8, -8, 4, 4, -8, 8, 12, -20, 0, 0, -4, -4, 0, 0, -12, -12, 4, -4, 8, 16, 4, 12, -16, 8, -12, -4, -8, 0, 4, -4, 0, -8, 0, 0, -4, -20, 0, 0, 4, -12
NL: 22
WEIGHT: 32
DEGREE: 5
TERMS: 40
BALANCE: True
0 1 2 3 5 6 13 14 16 24 25 34 35 36 45 123 124 125 134 136 145 156 234 235 236 246 256 345 356 1234 1236 1246 1256 1345 1346 1356 3456 12346 12356 13456 

FOR X4
TT: 
0101100101101010101001101001010111000110001110011011000111010010
SEQUENCE:
 1 -1 1 -1 -1 1 1 -1 1 -1 -1 1 -1 1 -1 1 -1 1 -1 1 1 -1 -1 1 -1 1 1 -1 1 -1 1 -1 -1 -1 1 1 1 -1 -1 1 1 1 -1 -1 -1 1 1 -1 -1 1 -1 -1 1 1 1 -1 -1 -1 1 -1 1 1 -1 1
ANF: 
0100101000100000100000000000000011100110101000001111000011100100
WHT: 
0, 0, 4, -4, -8, 0, -4, -4, 0, 0, -4, 4, 0, -8, -4, -4, 0, 0, -4, 4, 8, 16, 4, 20, 0, 16, -12, -4, 0, 8, -12, -12, 0, 0, -4, 4, 8, 0, 4, 4, 0, 0, 4, -4, 0, 8, 4, 4, 0, 0, 4, -4, -8, 16, -4, 12, 0, 16, 12, -28, 0, -8, 12, 12
NL: 18
WEIGHT: 32
DEGREE: 5
TERMS: 20
BALANCE: True
1 3 5 6 16 23 24 26 46 56 136 156 236 246 256 456 1256 1456 2456 13456 
