
FOR X1
TT: 
1001110101101000111000110001110000100100101111010101111010000011
SEQUENCE:
 -1 1 1 -1 -1 -1 1 -1 1 -1 -1 1 -1 1 1 1 -1 -1 -1 1 1 1 -1 -1 1 1 1 -1 -1 -1 1 1 1 1 -1 1 1 -1 1 1 -1 1 -1 -1 -1 -1 1 -1 1 -1 1 -1 -1 -1 -1 1 -1 1 1 1 1 1 -1 -1
ANF: 
1110010110001100011111100000110011010011011011000000010101011100
WHT: 
0, 0, -4, -4, 4, -4, 8, 0, -4, 4, 0, 8, 0, 0, -4, -4, 0, 0, -4, -4, -4, -12, 16, 8, 12, 4, 0, -8, 8, -8, 4, -12, 0, 0, -4, -4, -4, 4, 0, 8, -12, -4, 8, -16, 0, -16, -20, -4, 0, 0, -4, -4, 4, 12, -8, 0, -12, 12, -8, -16, 8, 8, 20, -12
NL: 22
WEIGHT: 32
DEGREE: 5
TERMS: 31
BALANCE: True
0 1 2 4 6 13 15 16 25 34 35 123 125 126 134 135 146 235 236 246 345 346 1236 1345 1346 1356 1456 3456 12356 12456 13456 

FOR X2
TT: 
1001011010100101010101101001101010001101011010010111001010011100
SEQUENCE:
 -1 1 1 -1 1 -1 -1 1 -1 1 -1 1 1 -1 1 -1 1 -1 1 -1 1 -1 -1 1 -1 1 1 -1 -1 1 -1 1 -1 1 1 1 -1 -1 1 -1 1 -1 -1 1 -1 1 1 -1 1 -1 -1 -1 1 1 -1 1 -1 1 1 -1 -1 -1 1 1
ANF: 
1110100000100000101010101000000000011100101111000010101010001100
WHT: 
0, 0, -4, -4, 0, 0, 4, -12, 0, 8, 4, 12, 0, 8, -4, -12, 0, 0, -4, -4, 8, -24, -4, 12, 0, -8, -12, -20, 8, 0, 4, -20, 0, 0, 4, 4, 0, 0, -4, -20, 0, 8, -4, 4, 0, 8, 4, -4, 0, 0, 4, 4, -8, -8, 4, -12, 0, -8, 12, 4, -8, 16, -4, 4
NL: 20
WEIGHT: 32
DEGREE: 5
TERMS: 24
BALANCE: True
0 1 2 3 5 24 25 35 36 45 46 126 136 235 246 256 346 356 456 1246 1346 2356 3456 13456 

FOR X3
TT: 
0011000011111100100011110001001111100101000110100110100011100101
SEQUENCE:
 1 1 -1 -1 1 1 1 1 -1 -1 -1 -1 -1 -1 1 1 -1 1 1 1 -1 -1 -1 -1 1 1 1 -1 1 1 -1 -1 -1 -1 -1 1 1 -1 1 -1 1 1 1 -1 -1 1 -1 1 1 -1 -1 1 -1 1 1 1 -1 -1 -1 1 1 -1 1 -1
ANF: 
0010001010100000110101010100010010111111001000000010000100110000
WHT: 
0, 0, 0, 0, -4, -4, 4, 4, 4, -4, -4, 4, 0, -8, 0, 8, 0, 0, 0, 0, -12, 4, 12, -4, 4, 12, 12, 4, -8, -16, -8, 0, 0, 0, 8, -8, 4, 4, 4, -12, 4, -4, 4, -4, 8, 0, 0, -8, 0, 0, -8, 8, -20, -4, 12, 12, 20, -4, 20, -4, 0, 24, 8, 0
NL: 20
WEIGHT: 32
DEGREE: 5
TERMS: 23
BALANCE: True
2 4 5 6 15 23 24 26 36 125 126 135 136 145 236 246 256 1235 1236 1345 2456 12356 12456 

FOR X4
TT: 
1101010000111110001110011000011010110011100000010100011011111001
SEQUENCE:
 -1 -1 1 -1 1 -1 1 1 1 1 -1 -1 -1 -1 -1 1 1 1 -1 -1 -1 1 1 -1 -1 1 1 1 1 -1 -1 1 -1 1 -1 -1 1 1 -1 -1 -1 1 1 1 1 1 1 -1 1 -1 1 1 1 -1 -1 1 -1 -1 -1 -1 -1 1 1 -1
ANF: 
1011111010010101100100100100000001100001101101000001111010110100
WHT: 
0, 0, 4, -4, -4, -4, 0, -8, 0, 8, 4, 4, -4, 4, 0, 0, 0, 0, 4, -4, -4, -4, 0, -8, -8, 0, -4, -4, -12, -4, -8, -8, 0, 0, -4, 4, 4, 4, 16, -8, 0, 8, -4, -20, -12, -4, 0, 16, -8, 8, -12, 12, -4, 12, 8, 0, 16, 8, -20, 12, 4, -4, -16, -16
NL: 22
WEIGHT: 32
DEGREE: 5
TERMS: 29
BALANCE: True
0 2 3 4 5 12 13 16 23 26 46 124 125 134 145 235 246 356 456 1234 1236 1246 1256 1346 1356 2356 2456 12456 13456 
