
FOR X1
TT: 
1001100001101110011001110110000101011110100100101011100101100001
SEQUENCE:
 -1 1 1 -1 -1 1 1 1 1 -1 -1 1 -1 -1 -1 1 1 -1 -1 1 1 -1 -1 -1 1 -1 -1 1 1 1 1 -1 1 -1 1 -1 -1 -1 -1 1 -1 1 1 -1 1 1 -1 1 -1 1 -1 -1 -1 1 1 -1 1 -1 -1 1 1 1 1 -1
ANF: 
1110000110001110100000001000100010101100001011100001111010011100
WHT: 
0, 0, 4, 4, -4, 4, 0, 8, -8, 0, -4, -12, 4, 4, 8, -8, 0, -8, -12, -4, 4, 20, 8, -24, 8, 8, -4, -4, -4, 4, 0, 8, 0, 0, -4, 12, 4, -4, 0, 8, 8, 0, 4, -4, -4, -4, -8, -8, 0, -8, -4, -12, -4, -4, 8, 8, 8, -8, 4, -28, -12, -4, 0, -8
NL: 18
WEIGHT: 32
DEGREE: 5
TERMS: 27
BALANCE: True
0 1 2 4 5 6 26 34 36 45 123 134 136 234 246 345 346 356 456 1256 1346 1356 2346 2356 3456 12456 13456 

FOR X2
TT: 
1011110101100100000111101001001011011000111000011110001100001101
SEQUENCE:
 -1 1 -1 -1 -1 -1 1 -1 1 -1 -1 1 1 -1 1 1 1 1 1 -1 -1 -1 -1 1 -1 1 1 -1 1 1 -1 1 -1 -1 1 -1 -1 1 1 1 -1 -1 -1 1 1 1 1 -1 -1 -1 -1 1 1 1 -1 -1 1 1 1 1 -1 -1 1 -1
ANF: 
1101011010110101110011100100000001100010100110011110000111111100
WHT: 
0, 0, -4, -4, -4, -4, 0, 0, -12, -4, 0, -8, 0, 8, 4, -4, -4, 4, -8, 0, -16, -8, 4, 12, 0, 0, -4, -20, 4, 4, 8, -8, 0, 0, 4, 4, 4, 4, 16, -16, -4, 4, 0, -8, 16, -8, 12, 4, -4, 4, 0, 8, 8, -16, 4, 12, -8, -8, 12, -4, -12, -12, -16, 0
NL: 22
WEIGHT: 32
DEGREE: 5
TERMS: 33
BALANCE: True
0 1 4 5 12 13 15 16 23 24 26 35 46 56 124 134 135 145 156 235 236 256 346 456 1234 1246 1456 2456 3456 12346 12356 12456 13456 

FOR X3
TT: 
1001010011111000111110010000011001001001001010111001011111100100
SEQUENCE:
 -1 1 1 -1 1 -1 1 1 -1 -1 -1 -1 -1 1 1 1 -1 -1 -1 -1 -1 1 1 -1 1 1 1 1 1 -1 -1 1 1 -1 1 1 -1 1 1 -1 1 1 -1 1 -1 1 -1 -1 -1 1 1 -1 1 -1 -1 -1 -1 -1 -1 1 1 -1 1 1
ANF: 
1110101101101100011011011110110010110000000010011101111111111100
WHT: 
0, 0, -4, -4, -4, -4, 0, 0, -4, 12, 0, -16, 0, 0, -4, -4, 4, -4, 0, -8, 0, 8, 4, 12, 16, 8, -12, 12, 4, -4, 0, -8, 0, 0, -4, -4, -12, 4, 8, -8, -4, -4, 0, 0, -8, -8, 4, 4, -4, 4, -8, 0, -16, -8, 4, -20, 8, 0, 12, 4, 20, -4, 0, -24
NL: 20
WEIGHT: 32
DEGREE: 5
TERMS: 38
BALANCE: True
0 1 2 3 6 14 15 23 24 25 26 34 35 45 56 123 126 134 135 145 156 245 345 346 356 456 1235 1256 1345 1356 1456 2356 2456 3456 12346 12356 12456 13456 

FOR X4
TT: 
0001111000101101100000011111011001100000100101111101111010001001
SEQUENCE:
 1 1 1 -1 -1 -1 -1 1 1 1 -1 1 -1 -1 1 -1 -1 1 1 1 1 1 1 -1 -1 -1 -1 -1 1 -1 -1 1 1 -1 -1 1 1 1 1 1 -1 1 1 -1 1 -1 -1 -1 -1 -1 1 -1 -1 -1 -1 1 -1 1 1 1 -1 1 1 -1
ANF: 
0001100000100000111001100101000001111110101011110011001010011100
WHT: 
0, 0, -4, -4, 4, -4, 0, -8, 8, 0, -4, 4, -4, 12, 0, 0, 4, 4, 8, 8, 8, 0, 12, 4, 4, -4, 0, 8, -8, 8, 4, 4, 0, 0, 4, 4, 4, -4, 8, 0, 8, 0, 4, -20, 12, -4, -8, -8, -4, -4, -8, -8, 16, 8, 12, 4, -20, 4, 0, 8, 0, 16, 4, -28
NL: 18
WEIGHT: 32
DEGREE: 5
TERMS: 29
BALANCE: True
3 5 12 15 16 24 25 26 36 46 126 135 136 145 235 236 246 256 346 456 1245 1256 1346 2346 2356 3456 12346 12456 13456 
